1000 2894
0 1
0 2
0 3
1 3
1 4
1 2
1 5
1 6
1 7
2 8
2 3
2 9
2 10
2 11
2 12
2 13
2 14
2 15
2 16
2 17
2 18
2 19
2 20
2 21
2 22
2 23
2 24
2 25
3 26
3 8
3 21
4 27
4 28
4 29
4 30
4 31
4 32
4 19
4 33
4 34
4 35
4 36
4 37
4 38
4 9
4 39
4 40
4 41
4 42
4 43
4 44
4 45
4 46
4 47
4 48
4 49
4 50
4 51
4 52
4 53
4 54
4 55
4 56
4 57
4 58
4 59
4 60
4 61
4 62
4 63
4 64
4 65
4 66
4 67
4 68
4 69
4 70
4 71
4 72
4 73
4 74
4 75
4 76
4 77
4 78
4 79
4 80
4 81
4 82
4 83
4 84
4 85
4 86
4 87
4 88
4 89
4 90
4 91
4 92
4 93
4 94
4 95
5 96
5 97
5 28
5 98
5 43
5 99
5 100
5 101
5 102
5 103
5 45
5 104
5 105
5 106
5 107
5 108
5 109
5 110
5 111
5 112
5 46
5 113
5 114
5 115
5 116
5 117
5 118
5 119
5 90
5 120
5 70
5 41
5 121
5 122
5 81
5 123
5 124
5 125
5 91
5 126
5 19
5 60
5 32
5 127
5 128
5 65
5 76
5 129
5 38
5 42
5 79
5 55
5 130
5 131
5 132
5 86
5 133
5 48
5 134
5 84
5 94
5 62
5 78
5 135
5 88
5 83
5 136
5 137
5 138
5 74
5 139
5 140
5 141
5 29
5 92
5 142
5 143
5 31
5 63
5 144
5 145
5 57
5 53
5 146
5 147
5 148
5 149
5 87
5 150
5 151
5 80
5 152
5 153
5 154
5 33
5 68
5 155
5 156
5 157
5 158
5 159
5 160
5 161
5 71
5 27
5 56
5 47
5 162
5 73
5 163
5 164
5 51
5 66
5 89
5 165
5 82
5 166
5 167
5 168
5 169
5 170
5 171
5 95
5 172
5 36
5 52
5 85
5 40
5 173
5 174
5 175
5 9
5 44
5 61
5 176
5 177
6 133
6 55
6 178
6 126
6 161
6 121
6 179
6 76
6 113
6 167
6 130
6 155
6 180
6 157
6 115
6 101
6 181
6 182
6 183
6 156
6 184
6 137
6 107
6 104
6 102
6 174
6 45
6 185
6 138
6 27
6 105
6 122
6 95
6 163
6 38
6 51
6 186
6 117
6 187
6 85
6 70
6 92
6 159
6 47
6 188
6 111
6 110
6 158
6 148
6 116
6 176
6 189
6 98
6 57
6 52
6 106
6 146
6 154
6 190
6 132
6 135
6 62
6 134
6 173
6 28
6 129
7 153
7 61
7 63
7 80
7 107
7 191
7 76
7 108
7 142
7 68
7 88
7 89
7 59
7 51
7 67
7 55
7 56
7 81
7 82
7 19
7 90
7 30
7 36
7 78
7 79
7 192
7 83
7 193
7 87
7 91
7 86
7 31
7 96
7 84
7 194
7 43
7 85
7 52
7 32
7 49
7 130
7 40
7 28
7 65
7 94
7 45
7 177
7 70
7 47
7 54
7 46
7 195
7 41
7 73
7 74
7 38
7 29
7 9
7 66
7 57
7 131
7 62
7 132
7 33
7 42
7 44
7 139
7 71
7 141
8 196
8 26
8 166
8 21
8 14
8 197
8 139
9 198
9 194
9 37
9 149
9 199
9 200
10 25
10 201
10 64
10 202
11 203
11 35
11 204
11 23
12 13
12 23
12 205
12 203
12 206
12 207
12 208
12 20
12 35
13 20
13 204
14 191
14 188
14 21
14 209
15 210
15 211
15 212
15 213
16 214
16 21
16 215
17 216
17 24
17 198
17 201
18 24
18 64
19 217
20 218
20 219
20 220
21 24
21 202
21 221
22 62
22 139
22 166
23 201
24 25
24 35
24 222
26 223
27 41
27 199
27 37
27 224
27 225
27 77
27 64
27 200
28 64
28 226
28 227
28 228
28 198
28 229
28 230
28 217
29 231
29 232
29 83
30 233
30 234
30 235
30 37
30 236
30 237
30 64
30 238
30 239
30 240
30 241
30 242
30 243
30 193
30 244
30 245
30 246
30 247
30 248
30 249
30 93
30 250
30 251
30 252
30 194
31 253
31 61
31 254
31 223
31 255
32 217
32 256
32 36
32 224
32 257
32 254
33 258
33 217
33 198
33 227
33 259
33 226
33 64
34 260
35 261
35 37
35 262
35 256
35 64
36 224
36 81
37 72
37 87
37 48
37 89
37 58
37 69
37 83
37 82
37 85
37 45
37 50
37 171
37 76
37 56
37 256
37 55
37 71
37 62
37 86
37 78
37 77
37 81
37 63
38 263
38 98
39 264
39 265
39 266
39 267
39 268
39 256
39 198
40 269
40 270
40 225
40 224
40 271
40 272
40 67
41 198
41 165
41 53
41 273
41 48
41 64
41 226
41 217
42 229
42 64
42 198
42 225
42 274
42 275
42 276
43 277
44 227
44 278
44 200
44 198
45 194
45 279
45 85
46 200
46 223
46 227
46 280
46 149
47 217
47 254
47 281
48 200
48 269
48 224
48 225
48 64
48 282
48 149
48 199
49 283
49 284
49 285
49 286
49 287
49 252
49 288
49 289
49 290
49 242
49 291
49 292
49 236
49 293
49 294
49 295
49 296
49 297
49 298
49 299
49 300
49 241
49 301
49 302
49 303
49 304
49 305
49 306
49 307
49 308
49 194
49 239
49 251
49 309
49 249
49 310
49 311
49 312
49 313
49 314
49 315
49 246
49 316
49 317
49 318
49 319
49 320
49 321
49 322
49 248
49 323
49 324
49 325
49 326
49 327
49 328
49 329
49 64
49 330
49 331
49 235
49 332
49 238
49 333
49 334
49 193
49 335
49 336
49 237
50 194
51 227
51 337
51 338
51 198
51 339
51 340
51 341
52 270
52 223
52 200
53 342
53 64
53 226
53 343
53 229
54 267
54 344
54 256
54 64
54 345
54 199
54 198
54 346
55 227
55 280
55 89
55 64
55 194
55 120
56 224
56 256
56 194
56 81
57 340
57 227
57 64
58 64
58 198
58 254
59 226
59 217
59 64
59 347
59 348
60 257
60 230
60 64
60 349
60 231
60 350
60 226
61 254
61 191
61 351
61 177
61 227
61 255
62 194
62 139
62 166
62 64
62 149
62 200
62 226
63 270
63 282
63 67
63 225
63 352
63 194
64 93
64 142
64 202
64 353
64 91
64 75
64 124
64 354
64 355
64 356
64 357
64 139
64 245
64 119
64 234
64 76
64 99
64 81
64 250
64 166
64 73
64 358
64 165
64 71
64 69
65 359
65 360
65 231
65 198
66 227
67 217
67 225
68 360
68 361
69 198
70 362
70 136
70 131
71 194
71 198
71 257
71 363
71 347
71 364
71 200
71 256
71 339
71 71
72 256
72 365
73 226
73 75
73 366
73 229
73 257
73 258
73 367
73 368
73 369
73 338
73 227
73 230
73 193
73 198
73 153
73 256
73 259
73 217
73 200
73 254
73 370
73 339
73 371
73 199
74 372
76 373
76 198
76 217
76 374
76 256
76 194
76 200
76 350
76 281
76 254
76 375
76 230
76 226
76 376
76 377
77 168
77 170
77 256
77 87
77 198
77 79
77 203
77 176
78 254
78 83
78 231
78 194
78 232
79 227
79 217
79 199
79 268
79 378
79 200
80 83
80 231
80 379
80 232
81 168
81 257
81 256
81 82
81 230
81 347
81 217
81 224
81 87
81 254
81 194
81 226
81 338
81 339
81 369
82 217
82 226
82 224
82 194
83 84
83 194
83 171
83 88
84 256
84 232
84 231
85 380
85 279
85 381
85 374
85 382
86 136
86 194
87 217
87 194
87 339
87 230
87 226
87 341
88 231
88 232
89 280
89 194
89 227
90 379
90 254
91 226
91 217
92 383
92 263
92 199
92 384
92 385
92 386
92 387
92 388
92 217
93 389
93 390
93 391
93 198
93 392
93 217
93 230
94 136
94 144
94 280
94 154
95 393
95 362
95 200
95 263
95 199
95 136
96 270
96 263
97 108
97 394
97 395
97 396
97 97
98 381
98 362
98 263
99 397
99 398
100 399
100 400
100 179
100 401
100 385
100 402
101 199
101 136
101 403
101 404
101 405
101 263
101 406
102 263
102 407
103 264
103 408
103 372
104 144
104 405
104 263
104 136
104 409
104 410
104 406
105 191
105 107
106 144
106 411
106 263
106 412
106 413
107 414
107 194
107 191
108 415
108 416
108 417
108 418
108 127
108 419
108 420
108 394
108 150
108 421
108 422
108 264
108 423
108 123
108 194
108 424
108 425
108 112
108 426
108 427
108 151
108 268
108 428
108 143
108 429
108 118
108 430
108 191
108 431
108 432
108 433
108 153
108 434
108 154
108 435
108 436
108 437
108 396
108 438
108 141
108 439
108 193
108 440
108 441
108 442
108 443
108 444
108 445
108 446
108 148
108 395
108 447
108 414
108 448
108 449
108 450
108 451
108 452
108 265
108 453
109 144
109 454
110 351
110 455
110 180
110 456
110 457
110 458
110 459
110 460
110 200
110 461
110 462
110 463
110 464
110 465
110 466
111 405
111 403
111 265
111 263
111 136
111 200
111 199
112 123
113 467
113 403
113 263
114 445
115 263
115 144
116 265
116 264
116 433
116 385
116 118
116 268
117 374
117 339
117 279
117 382
118 440
118 468
118 443
118 434
118 442
118 418
118 123
119 469
119 198
119 470
120 227
120 280
120 188
121 385
121 471
122 263
122 144
122 472
122 136
122 473
123 149
123 433
123 396
123 418
123 415
123 192
123 440
123 424
123 449
123 431
123 195
123 147
123 394
123 442
123 422
123 434
124 381
124 227
125 474
125 475
125 191
126 409
126 263
127 136
127 476
127 385
127 402
127 144
127 477
127 399
127 478
127 479
127 480
127 481
127 482
127 483
127 484
127 485
128 144
128 263
128 486
129 263
129 487
129 473
129 409
129 488
129 489
130 231
130 349
130 200
131 362
132 194
132 263
132 435
133 490
134 137
134 263
134 144
134 491
134 403
135 492
135 493
136 494
136 167
136 495
136 467
136 496
136 497
136 498
136 200
136 154
136 383
136 499
136 162
136 500
136 501
136 502
136 503
136 144
136 155
136 504
136 505
136 406
136 506
136 223
136 507
136 508
136 141
136 509
136 510
136 511
136 512
136 513
136 514
136 515
136 516
136 517
136 149
136 518
136 519
136 199
136 184
136 520
136 521
136 522
136 436
136 523
136 524
136 525
136 452
136 526
136 186
137 527
137 263
137 144
137 403
137 491
138 263
138 528
138 529
140 279
140 338
140 374
140 372
141 194
141 530
141 152
141 531
141 532
141 164
141 533
141 534
141 535
141 438
141 143
141 536
141 537
142 360
142 231
142 223
142 359
143 405
143 151
144 538
144 539
144 522
144 540
144 541
144 525
144 495
144 497
144 175
144 524
144 542
144 543
144 499
144 544
144 545
144 490
144 199
144 519
144 405
144 546
144 167
144 404
144 494
144 520
144 467
144 200
144 155
144 509
144 547
144 548
144 549
144 550
144 551
144 511
144 552
144 507
144 517
144 263
144 553
144 554
144 516
144 526
145 555
145 277
145 376
146 410
146 200
146 472
146 199
146 263
147 556
147 192
147 557
147 395
147 558
147 448
147 149
147 559
147 421
147 560
147 195
147 561
149 562
149 154
149 563
149 422
149 452
149 191
149 564
149 565
149 566
151 451
151 404
152 429
152 430
152 415
152 268
153 191
153 194
154 428
154 497
154 467
154 567
154 445
154 223
154 263
154 436
154 568
154 569
154 155
154 570
154 571
155 572
155 553
155 199
155 545
155 573
155 263
155 200
155 496
155 183
156 227
156 574
157 473
157 410
157 263
158 467
158 199
158 528
158 200
158 575
158 536
158 263
159 576
159 191
160 478
160 483
160 385
160 484
160 476
160 479
160 480
160 399
161 414
161 191
162 577
162 467
162 472
163 199
163 578
163 263
164 507
164 351
164 256
164 579
164 538
164 494
164 520
164 580
164 523
164 581
164 199
164 383
164 406
164 582
164 583
165 269
165 225
166 226
167 199
167 536
167 200
167 494
167 584
167 506
167 585
167 263
167 510
167 405
168 224
168 226
168 338
168 347
169 188
169 341
169 227
170 263
170 230
170 227
170 258
170 586
170 574
170 587
170 338
170 217
170 229
170 200
170 306
170 588
171 232
171 194
171 231
172 376
172 347
172 188
172 555
172 263
173 199
173 263
173 200
174 385
174 589
174 263
175 509
175 590
176 200
176 306
176 591
177 223
177 191
177 227
177 351
177 255
178 462
178 457
178 189
178 466
178 351
178 463
179 268
179 265
179 433
179 264
180 462
180 466
180 189
180 592
180 593
180 351
181 594
181 189
181 190
182 537
183 200
184 545
184 263
184 472
184 403
184 553
185 189
185 595
186 200
186 459
186 518
186 544
186 189
187 544
187 189
188 596
188 189
188 190
189 597
189 598
189 599
189 461
189 600
189 601
189 457
189 463
189 602
189 190
189 592
189 594
189 603
189 200
189 604
189 456
189 569
189 464
189 605
189 606
189 607
189 608
189 609
189 610
189 351
189 611
189 517
189 612
189 593
189 466
189 613
189 533
189 614
189 615
189 616
189 617
189 618
189 619
189 620
189 455
189 621
189 579
189 622
189 623
189 624
189 625
189 626
189 627
189 459
189 628
189 629
189 630
189 544
189 631
189 632
189 518
189 633
189 634
189 462
190 624
190 594
190 599
190 633
191 635
191 475
191 435
191 194
192 200
192 440
192 449
192 199
192 418
192 394
192 434
192 195
192 436
192 433
192 424
192 396
195 418
195 449
195 433
195 434
195 431
195 394
195 436
195 440
195 424
196 278
196 636
196 637
196 638
196 639
196 197
196 640
196 641
196 642
196 643
196 644
196 645
196 646
196 647
196 648
196 649
196 650
196 651
196 652
196 653
196 654
196 655
196 656
196 657
196 658
196 659
196 660
196 661
196 662
196 663
196 479
196 664
196 665
196 666
196 667
196 668
196 669
196 670
196 671
196 672
196 673
196 674
196 675
196 676
196 677
196 678
196 221
196 679
196 680
196 681
196 682
196 683
196 684
196 685
196 686
196 687
196 688
196 689
196 690
196 691
196 692
196 693
196 694
196 695
196 696
196 697
196 698
196 699
196 700
196 701
196 702
196 703
196 704
196 705
196 706
196 707
196 708
196 709
196 710
196 711
196 712
196 713
196 714
196 715
196 716
196 717
196 718
196 719
196 720
196 721
196 722
196 723
196 724
196 725
196 726
196 727
196 728
197 729
197 730
197 731
197 732
197 733
197 734
197 735
197 736
197 737
197 738
197 739
197 740
197 741
197 647
197 742
197 743
197 744
197 745
197 746
197 747
197 748
197 749
197 750
197 751
197 752
197 753
197 754
197 755
197 756
197 757
197 758
197 759
197 760
197 761
197 709
197 684
197 762
197 763
197 764
197 765
197 766
197 767
197 768
197 769
197 770
197 771
197 772
197 773
197 774
197 775
197 776
197 657
197 777
197 778
197 779
197 780
197 781
197 782
197 783
197 784
197 646
197 785
197 786
197 787
197 788
197 789
197 790
197 791
197 792
197 793
197 794
197 795
197 796
197 797
197 680
197 798
197 799
197 800
197 801
197 802
197 803
197 804
197 278
197 805
197 806
197 807
197 808
197 809
197 810
197 811
197 812
197 813
197 814
197 815
197 816
197 817
197 818
197 819
197 820
197 821
197 822
197 823
197 824
197 825
197 826
197 827
197 828
197 829
197 830
197 831
197 832
197 833
197 717
197 656
197 834
197 835
197 836
197 837
197 838
197 839
197 840
197 640
197 841
197 672
197 842
197 654
197 843
197 844
197 845
197 846
197 847
197 848
197 849
197 720
197 385
197 713
197 850
197 851
197 852
197 636
197 853
197 854
197 685
197 855
197 856
197 857
197 858
197 859
197 699
197 860
197 861
197 862
197 863
197 864
197 865
197 866
197 867
197 652
197 868
197 869
197 870
197 659
197 871
197 872
197 873
197 874
197 875
197 876
197 877
197 878
197 879
197 880
197 881
197 882
197 883
197 884
197 885
197 722
197 886
197 665
197 887
197 888
197 889
197 890
197 891
197 892
197 893
197 894
197 895
197 896
197 897
197 898
197 899
197 900
197 901
197 902
197 903
197 904
197 905
197 906
197 907
197 908
197 909
197 723
197 910
197 911
197 912
197 913
197 914
197 915
197 916
197 917
197 918
197 919
197 724
197 920
197 921
197 922
198 202
198 923
198 924
198 357
198 256
198 245
198 925
199 926
199 505
199 472
199 927
199 928
199 563
199 203
199 539
199 929
199 930
199 931
199 932
199 933
199 403
199 245
199 934
199 467
199 935
199 357
199 936
199 937
199 938
199 939
199 940
199 941
199 564
199 942
199 943
199 944
199 945
200 564
200 464
200 461
200 357
200 462
200 203
200 943
200 245
200 627
200 625
200 544
200 351
200 630
200 563
200 601
200 622
200 463
201 202
201 204
202 257
202 230
202 229
203 258
203 946
203 230
204 947
204 948
204 949
204 950
204 951
204 952
204 953
204 954
204 955
204 956
204 957
204 958
204 959
204 960
204 961
204 962
204 963
204 964
204 965
204 966
204 967
204 968
204 969
204 970
204 971
204 972
204 973
204 974
204 975
204 976
204 977
204 978
204 979
204 980
204 981
204 982
204 983
204 984
204 985
204 986
204 987
204 988
204 989
204 990
204 991
204 992
204 993
204 994
204 995
204 996
204 997
204 998
204 999
204 476
204 858
205 397
205 659
205 246
205 918
205 661
206 413
206 377
207 413
208 220
211 355
211 476
211 924
212 924
213 476
213 970
213 925
215 476
217 946
217 254
217 226
217 586
220 322
221 885
221 797
221 922
221 798
221 757
221 825
221 831
221 717
221 715
221 685
221 739
221 640
221 738
221 758
221 805
221 790
221 673
221 861
221 719
221 711
221 727
221 876
221 642
221 815
221 273
221 793
221 871
221 872
221 708
221 750
221 909
221 774
221 721
221 890
221 742
221 385
221 821
221 849
221 863
221 684
221 702
221 718
221 783
221 677
221 897
221 726
221 800
221 784
221 713
221 668
221 278
222 258
222 354
222 586
223 385
223 223
225 271
225 274
225 282
225 270
225 269
225 272
225 275
226 338
226 586
227 378
227 228
227 273
227 255
227 337
227 368
227 340
227 280
227 341
229 369
229 230
229 354
229 586
230 257
230 586
230 355
230 563
230 354
231 361
231 349
231 563
231 232
231 359
231 360
231 358
232 379
232 563
232 232
233 240
234 250
235 238
236 293
236 324
236 964
237 251
237 964
237 241
239 964
241 964
241 248
242 246
242 248
242 964
245 267
245 347
245 346
246 964
247 351
248 964
249 964
251 964
252 260
254 586
254 946
256 358
257 354
257 946
257 586
258 338
258 354
258 586
259 339
259 366
263 507
263 541
263 413
263 511
263 519
263 513
263 590
264 268
264 420
264 265
264 365
265 420
265 450
265 266
265 537
266 531
266 537
266 446
267 357
268 420
268 441
268 433
268 365
269 282
269 270
270 282
270 274
270 275
271 282
272 282
275 282
279 374
281 376
281 374
283 327
283 331
284 287
284 964
287 964
288 299
288 295
293 964
294 335
294 304
294 336
303 335
303 304
303 336
304 336
307 964
308 964
309 964
313 334
314 964
321 964
323 918
323 377
324 964
338 586
339 347
340 341
347 357
348 348
351 592
351 623
351 626
351 598
351 593
351 613
351 604
351 620
351 625
351 456
351 611
351 462
351 634
351 466
354 946
356 469
360 360
363 364
365 433
369 586
370 586
372 576
372 408
373 512
373 927
374 382
374 376
374 381
374 375
375 376
376 381
376 382
381 382
384 388
384 387
384 874
384 386
384 384
385 687
385 425
385 918
385 793
385 726
385 983
386 387
386 388
387 388
393 943
394 427
394 396
394 395
394 440
394 421
395 440
395 396
395 418
395 449
395 424
395 434
395 427
396 421
399 666
400 569
400 467
400 548
400 580
400 498
400 545
400 514
400 401
402 639
402 726
403 507
403 517
403 941
403 935
403 943
403 940
403 929
403 499
403 936
404 451
404 528
404 494
404 472
404 509
404 467
405 437
405 516
405 518
405 472
405 506
405 509
405 494
405 525
405 467
405 585
405 528
406 563
409 516
410 568
410 501
410 538
411 413
414 475
415 431
416 425
417 445
418 596
418 421
420 573
420 587
420 509
420 433
420 446
420 431
420 426
420 430
421 449
421 424
421 434
421 440
422 443
422 468
423 439
423 429
423 450
423 453
424 449
424 427
424 442
426 430
426 446
427 433
428 570
428 451
428 531
428 429
429 439
429 450
429 537
430 441
430 431
431 431
431 441
433 442
433 441
434 449
434 596
435 635
436 557
436 558
437 467
438 726
439 537
440 442
440 596
442 449
445 568
446 537
447 615
448 560
448 559
449 596
450 537
452 930
455 592
455 466
455 464
455 601
455 625
456 462
456 459
456 611
457 609
457 463
457 630
457 601
457 466
457 625
457 611
459 630
459 617
459 611
459 601
461 464
461 613
461 625
461 466
461 601
462 611
462 604
462 615
462 593
462 608
462 634
462 625
462 620
462 627
462 592
463 625
463 466
463 601
463 630
463 611
464 466
464 625
464 613
464 601
466 608
466 611
466 602
466 625
466 609
466 628
466 634
467 524
467 569
467 544
467 520
467 497
467 567
467 528
467 571
467 473
467 503
467 498
467 505
467 499
468 561
471 484
472 511
472 522
472 516
472 524
472 573
472 526
472 499
472 567
472 509
472 502
472 570
473 511
473 513
473 508
473 516
473 490
473 515
473 509
473 538
473 541
473 552
473 539
473 503
473 568
473 542
473 522
473 543
473 583
473 551
473 572
473 580
473 495
476 925
476 476
476 970
477 644
479 639
480 666
482 667
483 984
483 983
493 595
494 584
494 577
494 585
495 544
496 496
497 504
498 548
498 526
498 573
499 539
499 937
501 502
502 573
502 524
502 509
504 524
506 577
506 584
506 585
506 536
506 564
506 539
507 539
507 943
509 573
509 541
509 524
510 585
510 584
513 581
514 546
514 567
515 581
515 583
516 580
516 583
517 544
519 539
519 541
519 564
520 539
520 943
523 564
523 542
523 581
523 539
525 536
525 585
525 577
525 584
526 551
526 548
538 545
539 581
539 590
540 546
542 543
542 580
542 583
542 581
543 551
543 580
544 622
544 611
545 553
546 549
547 549
547 554
549 554
551 580
552 581
552 583
556 558
557 560
558 558
559 561
559 560
568 570
577 585
578 869
578 727
582 942
584 585
586 946
586 588
592 613
592 606
592 603
593 598
593 621
593 605
593 632
593 620
594 624
598 604
598 607
598 613
598 628
599 624
599 616
599 630
599 631
600 614
600 627
600 619
601 602
601 628
601 606
601 604
601 627
601 610
601 617
601 632
601 609
602 607
602 609
602 617
604 621
604 623
604 628
604 617
605 607
605 620
605 617
606 628
606 623
606 606
606 610
607 613
608 634
609 625
609 613
610 614
613 623
614 623
614 628
615 618
615 621
616 633
620 634
621 631
621 634
622 629
623 628
625 631
628 632
637 660
637 641
638 753
639 858
640 707
640 662
641 782
641 886
643 718
643 922
645 759
646 709
646 683
649 672
650 854
650 884
650 744
650 883
650 696
650 836
650 834
650 791
650 722
650 723
652 727
653 683
653 850
654 683
654 858
654 709
655 703
656 697
657 709
657 683
658 731
658 750
660 698
660 782
660 886
660 897
662 706
668 671
669 779
669 870
669 902
669 808
669 883
671 885
671 811
671 853
671 876
678 886
678 792
679 760
679 770
679 740
680 913
681 830
681 845
681 772
681 902
683 859
683 902
683 917
683 756
683 841
683 855
683 809
683 686
690 757
693 821
695 699
695 878
695 902
695 803
696 912
696 903
698 886
699 709
706 798
709 711
709 801
709 807
709 868
709 917
709 767
709 905
709 878
709 775
709 756
709 872
709 786
709 896
709 746
709 902
709 910
709 860
709 806
709 816
709 720
709 747
709 833
709 794
709 802
709 762
709 848
709 899
709 737
709 862
709 906
709 921
709 919
709 843
709 795
709 787
709 867
709 810
709 845
709 755
709 854
709 915
709 776
709 844
709 883
709 847
709 781
709 887
709 771
709 864
709 789
709 723
709 859
709 779
709 772
709 809
709 814
709 855
709 881
709 827
709 761
709 852
711 865
712 783
716 766
720 865
720 839
731 746
731 853
731 732
731 823
731 836
731 748
736 911
736 860
736 759
736 913
737 858
737 860
740 770
745 783
746 913
750 838
750 904
752 858
753 907
754 765
756 878
756 860
758 821
759 867
759 911
759 819
759 921
759 814
759 882
759 803
762 814
768 913
768 858
771 861
772 858
775 885
776 865
779 858
785 858
787 911
789 865
789 858
791 913
795 800
796 861
798 898
798 843
801 865
801 911
802 897
802 865
806 858
806 913
807 865
808 821
808 865
809 858
809 912
810 911
812 866
814 899
814 848
816 858
819 893
821 839
821 913
824 895
825 842
826 858
830 865
833 858
833 865
834 837
836 839
836 858
839 916
839 884
841 911
843 865
845 858
848 912
852 858
852 865
854 913
858 862
858 906
858 864
858 867
858 880
864 912
865 896
865 881
867 913
867 911
872 917
875 913
880 913
881 896
881 911
888 913
896 911
906 911
906 913
911 921
913 915
925 966
928 945
928 938
928 934
928 936
931 942
931 931
932 939
932 934
932 945
932 938
932 944
933 945
933 939
934 944
935 936
935 941
935 935
936 936
936 938
938 944
938 945
939 944
939 942
940 941
942 944
967 974
