1000 3317
0 1
0 2
0 3
0 4
0 5
0 6
1 7
1 8
1 9
1 10
1 11
1 12
1 13
1 14
1 6
1 15
1 16
1 3
1 4
1 17
1 18
1 19
1 20
1 21
1 22
1 23
2 24
2 25
2 26
2 27
2 28
2 29
2 30
2 31
2 32
2 33
2 34
2 35
2 36
2 37
2 38
2 39
2 40
2 41
2 42
2 43
2 44
2 45
2 46
2 47
2 48
2 49
2 50
2 51
2 52
2 53
2 54
2 55
2 56
2 57
2 58
2 59
2 60
2 61
2 62
2 63
2 64
2 65
2 66
2 67
2 68
2 69
2 70
2 71
2 72
2 73
2 74
2 75
2 76
2 77
2 78
2 79
2 80
2 81
2 82
2 83
2 84
2 85
2 86
2 87
2 88
2 89
2 90
2 91
2 92
2 93
2 94
2 95
2 96
2 97
2 98
2 99
2 100
2 101
2 102
2 103
2 104
2 105
2 106
2 107
2 108
2 109
2 110
2 111
2 112
2 113
2 114
2 115
2 116
2 117
2 118
2 119
2 120
2 121
2 122
3 123
3 124
3 6
3 125
3 126
3 127
4 128
4 9
4 10
4 20
4 6
4 19
4 8
4 16
5 129
5 130
5 131
5 58
5 132
5 133
5 134
5 87
5 63
5 54
5 79
5 135
5 136
5 122
5 85
5 73
5 43
5 98
5 117
5 137
5 91
5 138
5 59
5 139
5 140
5 141
5 119
5 89
6 142
6 143
6 144
6 125
6 145
6 146
6 128
6 147
6 126
6 123
6 127
6 148
6 124
7 143
7 11
7 149
7 147
7 127
7 150
7 142
7 126
7 148
7 125
8 151
8 152
8 153
8 127
8 154
8 123
8 155
8 126
8 143
8 156
8 157
8 158
8 147
8 148
8 159
8 145
9 160
9 127
9 125
9 145
9 16
9 142
9 126
9 161
9 128
9 148
9 147
9 146
9 150
9 162
9 143
9 124
10 146
10 142
10 152
10 125
10 153
10 163
10 159
10 145
10 164
10 126
10 127
10 143
10 165
10 160
10 166
10 167
10 147
10 128
10 124
10 148
10 149
11 168
11 169
11 18
11 15
11 21
12 170
12 18
12 169
13 149
13 171
14 172
14 173
14 127
15 145
15 174
15 175
16 176
16 177
16 161
16 162
17 127
17 125
17 153
17 126
18 158
18 152
18 167
18 178
18 148
18 143
19 125
19 143
19 126
19 167
19 149
19 127
19 142
19 152
19 159
19 148
19 150
19 145
19 153
19 179
19 147
19 158
19 155
19 156
19 20
19 160
19 154
20 145
20 142
20 152
20 148
20 126
20 147
20 149
20 143
20 170
20 154
20 159
21 180
21 181
21 178
22 182
22 183
22 184
23 185
23 186
23 183
23 184
23 182
23 187
24 188
24 53
24 49
24 189
25 190
25 191
25 29
26 116
26 192
26 193
26 194
26 53
26 195
26 196
26 197
26 189
26 198
26 101
26 61
26 199
26 200
26 118
26 104
26 84
26 201
26 202
26 120
26 85
26 66
26 203
26 204
26 205
26 206
26 207
26 208
26 56
26 209
26 108
26 29
26 107
26 210
26 211
26 212
26 213
26 86
26 38
26 44
26 39
26 214
26 62
26 215
26 216
26 135
27 217
27 218
27 186
27 219
28 53
28 118
28 31
28 220
28 221
28 222
29 139
29 42
29 74
29 37
29 32
29 223
29 224
29 53
29 130
30 225
30 226
30 227
30 228
31 85
31 229
31 74
31 222
31 53
31 42
31 82
31 230
31 50
31 231
31 67
31 232
32 224
32 82
32 37
32 233
32 234
32 235
32 50
32 236
32 74
32 237
32 54
32 238
33 239
33 240
33 241
33 242
33 243
33 199
33 244
33 245
34 246
34 247
34 203
34 248
34 249
34 111
35 250
35 251
35 200
35 252
35 253
35 254
35 255
35 256
35 257
35 258
35 259
35 260
35 261
35 262
35 263
35 264
35 265
35 266
35 267
35 268
35 269
35 270
35 271
35 272
35 273
35 274
35 275
35 276
35 277
35 278
35 279
35 199
35 280
35 281
35 282
35 283
35 284
35 285
35 286
35 287
35 288
35 111
35 289
35 290
35 291
35 292
35 293
35 294
35 295
35 296
35 297
35 298
35 299
35 300
35 215
35 301
35 302
35 303
35 304
35 305
35 306
35 307
35 308
36 111
36 309
36 310
36 249
36 311
36 312
37 313
37 314
37 315
37 316
37 317
37 238
37 318
37 192
37 319
37 320
37 321
37 322
37 323
37 324
37 325
37 326
37 327
37 223
37 328
37 329
37 330
37 331
37 332
37 333
37 334
37 335
37 336
37 337
37 338
37 339
37 340
37 341
37 342
37 343
37 344
37 345
37 346
37 347
37 348
37 349
37 350
37 351
37 352
37 353
37 354
37 355
37 356
37 357
37 358
37 359
37 360
37 361
37 82
37 42
37 362
37 363
37 364
37 365
37 73
37 366
37 367
37 235
37 368
37 369
37 370
37 371
37 372
37 373
37 374
37 375
37 376
37 377
37 378
37 379
37 380
37 381
37 382
37 383
37 384
37 385
37 386
37 387
37 388
37 389
37 390
37 391
37 392
37 393
37 394
37 395
37 396
37 397
37 50
37 398
37 399
37 400
37 401
37 402
37 403
37 404
37 405
37 406
37 407
37 408
37 409
37 410
37 196
37 411
37 412
37 413
37 414
37 415
37 244
37 416
37 130
37 417
37 74
37 418
37 419
37 420
37 421
37 422
37 423
37 424
37 425
37 426
37 427
37 428
37 429
37 430
37 431
37 432
37 433
37 434
37 435
37 436
37 437
37 438
37 439
37 440
37 441
37 224
37 442
37 443
37 444
37 222
37 445
37 446
37 447
37 85
37 448
37 449
37 450
37 451
37 233
37 452
37 453
37 454
37 455
37 456
37 457
37 458
37 459
37 460
37 461
37 462
37 242
37 463
37 464
37 465
37 139
37 466
37 467
37 468
37 469
37 470
37 471
37 472
38 53
39 473
39 195
39 474
39 475
39 476
40 477
40 478
40 479
40 480
40 481
40 199
41 84
41 482
41 53
41 483
42 484
42 54
42 53
42 485
43 486
43 53
43 226
43 487
43 477
43 488
43 489
43 199
43 490
44 53
44 61
45 99
45 97
45 81
45 491
45 223
45 455
45 492
45 136
45 64
45 493
45 494
45 52
45 105
45 57
45 111
45 495
45 496
45 497
45 103
45 92
45 75
45 141
45 48
45 76
45 110
45 93
45 498
45 114
45 190
45 499
45 77
45 51
46 500
46 501
46 502
46 338
46 503
47 504
47 505
47 506
47 507
47 508
47 199
47 232
48 509
48 498
48 455
48 510
48 75
48 494
48 97
48 511
48 495
48 512
48 111
48 513
48 497
49 514
49 515
49 69
49 516
49 49
49 517
49 53
50 518
50 70
50 519
50 235
50 520
50 51
50 102
50 521
50 82
50 224
50 522
50 365
51 111
51 224
52 223
52 221
52 523
53 192
53 79
53 136
53 85
53 84
53 202
53 524
53 55
53 74
53 65
53 56
53 132
53 107
53 141
53 201
53 116
53 60
53 196
53 120
53 62
53 237
53 78
53 211
53 194
53 61
53 230
53 493
53 66
53 222
53 118
53 135
53 214
53 131
53 140
54 90
54 525
54 526
54 138
54 527
54 221
54 74
54 94
55 528
55 218
55 221
56 529
56 530
56 531
57 532
57 533
57 534
57 535
57 536
57 111
57 248
58 537
58 538
58 539
58 540
58 541
58 542
58 543
58 544
58 545
59 546
60 79
60 547
61 66
61 548
63 477
63 549
63 550
63 63
63 551
64 552
64 553
64 554
64 111
64 555
64 203
64 248
64 556
64 557
64 558
64 559
65 560
65 561
66 562
66 563
66 564
66 565
66 79
66 566
66 221
66 567
66 568
67 70
67 83
68 569
68 249
68 570
68 571
69 572
69 573
69 574
69 575
69 576
69 242
69 516
69 577
69 578
69 579
69 580
69 199
69 581
69 582
69 583
69 244
69 584
69 585
69 586
69 587
69 588
69 589
70 365
70 130
70 226
70 102
70 74
70 433
71 238
71 487
71 229
72 244
72 590
72 591
72 592
72 316
72 593
72 594
73 130
74 235
74 595
74 596
74 230
74 405
74 223
74 102
74 190
75 513
75 597
75 497
75 103
75 97
75 111
76 598
76 599
76 100
76 600
76 601
77 602
77 111
77 603
77 604
78 222
78 221
79 605
79 378
79 234
79 606
79 562
79 230
79 521
79 85
79 607
79 339
80 608
80 609
80 610
80 454
80 611
80 612
80 613
80 614
80 615
80 199
80 616
80 617
80 618
80 619
80 620
80 621
80 622
80 623
80 624
80 625
80 626
80 627
80 628
80 482
80 629
80 630
80 631
81 97
81 632
81 633
81 634
82 235
82 635
84 196
84 636
84 211
85 332
85 130
85 230
85 378
86 249
86 637
86 638
86 639
86 640
87 641
87 485
87 642
87 643
87 644
87 645
87 219
88 646
88 647
88 648
88 649
88 650
88 651
88 652
88 653
89 91
89 654
90 244
90 199
90 655
90 243
90 656
91 657
91 654
92 632
92 634
92 97
92 658
92 659
92 660
92 633
93 479
93 478
93 661
93 480
93 199
94 662
94 629
94 663
94 176
94 664
94 133
94 665
94 199
94 666
94 483
94 667
94 668
94 623
95 669
95 670
95 671
95 199
96 199
96 244
96 672
96 673
97 509
97 510
97 455
98 674
98 503
98 675
99 111
99 676
99 677
100 678
100 598
100 679
100 186
100 680
100 109
100 681
100 682
100 199
100 683
100 684
100 685
100 686
100 687
101 688
101 689
101 690
101 691
101 499
101 692
101 134
101 693
101 694
101 695
101 277
101 696
101 273
101 697
101 698
101 699
101 284
101 200
101 293
101 199
101 700
101 674
101 701
101 702
101 703
101 704
101 705
101 706
101 338
101 707
101 708
101 709
101 710
101 711
101 712
101 713
101 714
101 715
101 716
101 717
101 718
101 719
101 720
102 721
102 520
102 235
102 519
102 562
102 722
102 521
103 723
103 724
103 115
104 725
104 726
104 727
104 728
104 729
104 203
104 249
104 730
104 731
104 732
104 733
104 734
104 735
104 736
105 737
105 514
105 738
105 111
105 739
105 740
105 741
105 249
105 742
105 203
106 743
106 744
106 745
106 746
106 747
106 748
106 749
106 750
106 751
106 752
106 753
106 239
106 648
107 116
108 754
108 243
108 325
108 635
109 678
109 681
109 199
109 755
109 269
109 756
110 489
110 757
110 199
110 758
110 759
110 226
110 760
110 761
110 762
110 763
110 764
110 765
111 766
111 455
111 683
111 223
111 114
111 494
111 190
111 767
111 499
111 768
111 680
113 769
113 770
113 199
113 771
113 772
114 492
114 773
114 774
114 742
114 775
114 203
115 116
115 226
115 776
117 130
117 635
117 777
119 244
119 243
119 325
119 778
120 763
120 284
120 779
120 276
120 780
120 781
120 782
120 783
120 267
120 784
120 785
120 786
120 787
120 788
120 789
120 790
120 758
120 791
120 277
120 501
120 792
120 524
120 793
120 205
120 794
120 755
120 795
120 796
120 797
120 798
120 799
120 800
120 269
120 801
120 802
120 803
120 804
120 805
120 806
120 807
120 808
120 809
120 810
121 811
121 812
121 813
121 199
121 276
121 798
121 684
121 814
121 815
121 816
121 493
122 817
123 818
123 819
123 820
123 821
123 822
123 823
123 824
123 825
123 543
123 826
123 827
123 828
123 829
123 153
123 830
123 831
123 832
123 660
123 833
123 537
123 834
123 835
123 836
123 837
123 838
123 540
123 633
124 660
124 839
124 840
124 841
124 842
124 843
124 844
124 845
124 846
124 847
124 848
124 849
124 850
124 851
124 852
124 838
124 676
124 853
124 854
124 855
124 856
124 857
124 858
124 859
124 860
124 861
124 862
124 863
124 864
124 865
124 866
124 867
124 868
124 869
124 825
124 870
124 871
124 872
124 873
124 874
124 875
124 822
124 539
124 876
124 877
124 878
124 879
124 880
124 881
124 882
124 828
124 883
124 884
124 885
124 886
124 633
124 887
124 888
124 889
124 890
124 891
124 892
124 893
124 894
124 895
124 896
124 545
124 897
124 898
124 899
124 658
124 900
124 901
124 902
124 903
124 904
124 905
124 906
124 907
124 908
124 634
125 537
125 146
125 909
125 910
125 911
125 902
125 912
125 913
125 831
125 914
125 849
125 850
125 545
125 915
125 916
125 917
125 633
125 886
125 918
125 919
125 920
125 845
125 872
125 921
125 922
125 142
125 834
125 923
125 822
125 858
125 908
125 924
125 634
125 925
125 828
125 826
125 926
125 927
125 928
125 871
125 904
125 929
125 900
125 930
125 660
125 889
125 931
125 932
125 813
125 658
125 862
125 933
125 934
125 935
125 936
125 937
125 832
125 938
125 540
125 544
125 161
125 659
125 821
125 543
125 847
125 939
125 538
125 854
125 892
125 837
125 940
125 827
125 941
125 539
125 942
125 943
125 825
126 818
126 909
126 916
126 853
126 538
126 933
126 822
126 147
126 935
126 660
126 854
126 944
126 945
126 826
126 902
126 828
126 921
126 918
126 914
126 827
126 821
126 145
126 823
126 900
126 633
126 543
126 946
126 940
126 164
126 852
126 947
126 834
126 886
126 928
126 537
126 862
126 849
126 889
126 832
126 948
126 659
126 941
126 939
126 949
126 845
126 892
126 927
126 950
126 917
126 913
126 540
126 837
126 915
126 634
126 923
126 934
126 912
126 936
126 937
126 951
126 919
126 930
126 658
126 952
126 831
126 872
126 161
126 545
126 838
126 938
126 850
126 911
126 825
126 544
126 929
126 904
127 827
127 953
127 545
127 954
127 891
127 949
127 543
127 825
127 955
127 926
127 956
127 957
127 928
127 934
127 927
127 855
127 915
127 884
127 874
127 544
127 958
127 834
127 959
127 821
127 936
127 871
127 843
127 960
127 890
127 938
127 844
127 911
127 862
127 912
127 961
127 858
127 937
127 851
127 962
127 963
127 918
127 875
127 910
127 908
127 913
127 964
127 872
127 965
127 966
127 870
127 860
127 852
127 967
127 968
127 854
127 939
127 902
127 969
127 940
127 970
127 660
127 538
127 847
127 838
127 971
127 832
127 905
127 633
127 822
127 676
127 924
127 161
127 887
127 893
127 878
127 972
127 837
127 900
127 898
127 882
127 973
127 901
127 144
127 916
127 845
127 894
127 942
127 861
127 906
127 853
127 888
127 841
127 903
127 868
127 849
127 873
127 974
127 658
127 879
127 909
127 840
127 897
127 876
127 917
127 923
127 975
127 899
127 921
127 865
127 886
127 889
127 941
127 976
127 977
127 864
127 925
127 904
127 978
127 885
127 150
127 859
127 877
127 979
127 922
127 831
127 828
127 540
127 935
127 539
127 933
127 850
127 980
127 929
127 892
127 896
127 848
127 634
128 162
128 144
128 244
128 161
130 365
130 139
130 383
130 981
130 433
130 133
130 982
130 230
131 983
131 642
131 984
131 985
131 986
132 206
132 987
132 988
132 989
132 795
132 798
132 990
132 991
132 992
132 993
132 994
132 787
132 788
132 995
132 996
132 997
132 998
132 999
132 779
132 780
132 794
132 524
133 221
133 433
133 378
135 211
136 226
136 487
138 721
138 138
139 224
139 365
139 230
139 635
140 989
141 493
141 226
141 983
142 862
142 916
142 660
142 832
142 891
142 845
142 904
142 850
142 823
142 838
142 543
142 540
142 659
142 826
142 966
142 537
142 900
142 911
142 920
142 915
142 934
142 936
142 822
142 908
142 825
142 633
142 910
142 935
142 828
142 827
142 847
142 821
142 918
142 960
142 871
142 909
143 853
143 852
143 660
143 848
143 955
143 922
143 844
143 943
143 891
143 539
143 828
143 889
143 927
143 919
143 896
143 825
143 887
143 893
143 875
143 842
143 914
143 839
143 633
143 872
143 897
143 537
143 939
143 892
143 840
143 871
143 953
143 827
143 934
143 873
143 973
143 954
143 964
143 854
144 514
144 145
144 891
145 912
145 633
145 904
145 913
145 951
145 659
145 167
145 886
145 825
145 978
145 818
145 942
145 929
145 914
145 634
145 660
145 957
145 832
145 934
145 926
145 852
145 837
145 854
145 941
145 170
145 891
145 161
145 930
145 950
145 922
145 892
145 658
145 967
145 964
145 973
146 864
146 902
146 837
146 929
146 926
146 910
146 978
146 161
146 912
146 633
146 871
146 942
146 847
146 660
146 852
146 659
146 825
146 634
146 914
146 904
146 941
146 886
146 920
146 892
146 658
146 934
147 951
147 891
147 911
147 633
147 916
147 950
147 936
147 827
147 822
147 934
147 818
147 828
147 156
147 845
147 543
147 862
147 900
147 850
147 915
147 960
147 660
147 909
147 948
147 826
147 821
147 164
147 892
147 918
147 823
147 825
147 904
147 659
147 852
147 952
147 832
147 966
147 537
147 540
147 935
148 901
148 854
148 853
148 827
148 840
148 844
148 891
148 852
148 848
148 893
148 838
148 914
148 903
148 633
148 660
148 539
148 964
148 537
148 943
148 913
148 906
148 825
148 954
148 953
148 828
148 925
148 887
148 927
148 897
148 955
148 873
148 892
148 973
148 919
149 964
149 933
149 949
149 164
149 951
149 957
149 914
149 930
149 660
149 818
149 825
149 912
149 945
149 156
149 913
149 973
149 659
149 929
149 633
149 658
149 950
149 934
149 634
149 927
149 837
150 633
150 827
150 924
150 910
150 166
150 892
150 871
150 939
150 919
150 848
150 954
150 974
150 660
150 920
150 828
150 539
150 955
152 825
152 826
152 953
152 634
152 930
152 962
152 159
152 832
152 919
152 633
152 154
152 942
152 830
152 660
153 838
153 919
153 659
153 941
153 634
153 160
153 825
153 837
153 835
153 537
153 930
153 914
153 660
153 821
153 850
153 822
153 820
153 929
153 633
153 915
153 849
153 953
153 658
153 832
153 830
153 826
154 832
154 819
154 660
154 821
154 934
154 837
154 820
154 833
154 836
154 830
154 633
154 829
154 826
154 835
154 930
155 830
155 158
155 930
156 156
156 633
156 949
156 911
156 825
156 919
156 828
156 821
156 930
156 164
156 540
156 660
156 923
156 934
156 951
156 952
156 832
156 913
157 830
157 930
157 159
157 660
157 832
158 660
158 930
158 659
158 830
158 953
159 658
159 854
159 930
159 660
159 953
159 830
159 978
159 912
159 633
159 634
160 837
160 978
160 658
160 825
160 660
160 956
160 941
160 832
160 826
160 854
160 891
160 942
160 915
160 633
160 634
160 914
160 929
160 830
160 835
160 659
160 930
163 165
163 973
163 956
163 934
163 964
163 930
163 922
163 832
163 914
164 953
164 914
165 934
165 633
165 962
165 660
165 930
165 832
165 659
165 893
166 910
166 633
166 927
166 955
167 930
167 962
167 951
167 633
167 893
167 659
167 950
167 956
167 900
167 832
167 934
167 914
168 181
168 225
168 173
168 596
169 175
169 178
170 181
173 913
174 830
176 177
176 769
179 955
182 944
182 913
183 913
184 913
184 973
184 945
184 944
185 945
185 944
186 217
186 598
186 599
188 586
190 230
191 220
192 405
193 809
193 205
194 717
196 211
196 222
196 636
196 237
197 212
197 202
198 202
199 794
199 811
199 282
199 761
199 560
199 602
199 684
199 228
199 604
199 596
199 813
199 603
199 765
199 796
199 998
199 632
199 261
199 910
199 517
199 801
199 755
199 502
199 523
199 580
199 764
199 508
199 234
199 307
199 816
199 454
199 600
200 997
200 605
200 216
203 639
203 596
203 742
203 776
203 554
203 533
203 246
203 535
203 492
204 564
204 817
204 596
206 993
206 605
206 996
206 524
207 809
209 246
211 222
214 717
216 790
216 269
217 584
219 273
219 998
220 569
221 664
221 665
221 435
221 662
221 237
221 407
223 455
223 494
224 365
224 233
228 755
230 722
230 378
231 641
233 249
233 635
233 238
234 563
234 525
234 527
234 787
234 655
235 347
235 333
235 422
235 437
235 372
235 414
235 436
236 471
236 440
238 635
238 487
239 744
240 626
240 493
241 702
242 444
242 459
242 585
242 330
242 343
242 359
242 443
242 347
242 596
243 319
243 618
243 392
243 350
243 325
243 395
243 607
243 519
243 467
243 450
243 340
243 244
243 423
243 517
243 404
243 355
243 384
243 564
243 520
243 341
243 354
243 590
243 594
243 407
244 419
244 367
244 333
244 596
244 381
244 468
244 594
244 319
244 493
244 350
244 417
244 392
244 352
244 662
244 395
244 341
244 423
244 349
244 665
244 335
244 430
244 748
244 517
244 464
244 324
244 626
244 407
244 432
244 249
244 399
244 384
245 411
245 594
245 345
245 400
245 245
245 448
246 640
246 729
246 249
247 249
248 535
248 731
248 554
248 738
248 773
249 732
249 735
249 730
249 559
249 774
249 568
249 725
249 726
249 639
249 493
249 727
249 596
249 775
249 535
249 729
249 728
249 740
249 309
249 311
249 557
249 310
249 640
249 738
249 773
249 556
249 552
249 736
251 280
251 253
251 296
251 260
252 755
252 297
252 695
253 272
253 289
253 262
254 271
254 258
255 262
255 279
255 701
256 290
258 279
259 301
261 810
261 796
262 291
263 288
263 271
265 270
266 702
267 779
267 951
267 797
267 997
268 296
269 778
269 755
269 799
270 689
270 272
271 289
271 308
271 279
271 272
272 298
272 292
272 291
272 288
273 780
274 302
275 301
275 285
276 684
276 811
276 798
277 501
277 782
278 802
279 288
280 282
280 297
280 299
280 289
281 289
281 299
284 781
285 695
285 297
285 703
285 755
286 994
287 291
287 298
288 761
288 289
288 596
288 302
288 306
288 299
289 304
292 295
294 305
297 695
297 703
298 299
299 304
301 702
304 308
309 535
309 311
309 723
309 732
310 730
310 723
310 559
311 568
311 723
312 492
313 470
313 430
313 415
313 361
313 446
313 354
313 448
313 650
313 333
313 409
313 646
313 371
313 388
313 607
314 421
314 459
314 359
314 319
315 377
315 334
315 464
315 420
315 335
315 432
316 395
316 466
316 367
316 493
316 662
316 419
316 592
317 377
317 439
318 333
318 493
319 459
319 359
319 421
320 470
320 493
321 329
321 746
321 328
322 336
322 607
322 434
322 422
322 358
322 594
322 375
322 339
322 368
322 395
324 344
325 665
325 519
325 493
325 564
325 354
325 520
325 402
325 404
325 525
325 450
325 412
325 522
325 514
326 493
326 367
326 395
326 421
326 592
327 493
327 333
328 447
328 746
329 460
329 746
330 416
330 441
330 393
330 444
330 373
330 408
331 396
331 465
331 445
331 410
331 386
331 415
331 394
332 378
332 664
333 395
333 424
333 447
333 436
333 363
333 422
333 337
333 348
333 461
333 351
333 391
333 397
334 399
334 367
334 377
334 464
334 417
335 468
335 377
335 447
335 417
335 369
336 519
336 375
336 441
336 521
336 425
336 358
336 339
337 493
337 352
338 401
338 458
338 388
338 385
338 403
339 607
339 354
339 345
339 569
339 378
339 441
339 427
339 372
340 450
340 423
340 358
342 379
342 371
343 493
343 347
344 626
344 367
344 493
345 400
345 493
345 411
345 607
346 361
347 374
347 443
348 391
348 352
348 493
349 417
349 369
350 384
350 372
350 414
351 493
352 771
352 594
353 374
355 372
355 435
355 412
355 467
355 414
357 493
358 428
358 392
358 450
359 448
359 456
359 396
359 373
359 459
360 386
360 465
361 447
362 493
363 493
366 983
366 493
367 468
367 464
367 369
367 380
367 376
367 429
367 398
367 395
367 451
367 370
367 377
367 399
368 431
368 434
368 420
368 425
368 428
368 404
369 417
369 377
369 466
369 370
369 439
369 468
370 376
370 468
370 377
372 384
372 607
372 467
373 416
373 393
373 387
373 444
373 408
374 386
374 415
375 425
375 431
375 428
376 468
377 468
377 612
377 399
377 417
377 440
377 464
377 381
379 493
380 398
380 399
380 395
380 426
380 464
381 395
382 447
383 433
384 414
385 388
385 403
385 401
386 415
387 456
387 387
388 458
388 401
388 403
390 746
391 493
392 420
392 447
393 408
393 444
393 441
393 416
394 463
394 396
395 594
395 425
396 410
398 449
399 464
400 411
401 403
401 458
403 458
404 420
404 434
407 493
408 444
408 441
408 416
409 419
410 437
410 465
410 596
411 622
412 435
412 414
412 467
413 592
413 493
414 447
414 450
414 427
414 467
414 440
415 445
416 444
416 456
418 493
420 428
420 434
420 431
420 432
420 425
420 464
424 493
425 431
425 428
427 441
428 447
428 431
429 439
430 447
430 453
431 434
432 471
432 569
433 635
434 612
436 520
436 647
436 522
436 448
437 454
441 444
442 445
442 446
443 493
445 446
447 565
448 463
455 494
456 459
457 493
460 746
462 493
469 493
471 742
477 493
477 983
478 493
479 481
480 493
480 983
482 609
482 610
482 629
482 628
483 668
485 596
485 615
485 541
487 493
490 983
490 493
490 664
491 661
493 549
493 746
493 750
493 546
493 648
493 593
493 753
493 594
493 813
493 772
493 642
493 888
493 988
493 762
493 744
493 712
493 771
493 590
493 550
493 745
493 770
493 748
493 891
493 810
493 684
495 510
496 661
501 764
501 600
501 757
501 795
503 674
506 508
509 513
509 597
514 737
514 578
514 574
514 572
514 586
514 741
514 515
514 937
515 516
515 917
515 585
515 588
515 574
515 584
515 578
515 576
515 581
515 589
515 577
516 582
517 573
517 576
517 578
519 520
519 562
519 607
520 607
521 607
523 778
524 993
524 788
524 808
525 755
526 628
530 530
532 536
535 728
535 726
535 554
536 555
536 826
536 567
536 946
537 541
538 542
538 541
539 891
539 541
539 941
540 545
540 960
540 966
540 543
540 923
541 542
541 942
541 923
541 544
541 833
541 831
541 849
541 545
541 543
541 978
541 921
541 941
541 837
541 933
541 960
541 926
541 966
542 545
542 966
542 543
542 544
542 960
542 923
546 983
549 983
549 551
549 769
549 748
549 619
549 616
549 626
550 983
552 723
556 732
556 723
557 723
558 723
558 736
559 723
560 916
560 850
560 912
560 561
560 917
560 852
560 989
560 892
561 912
561 917
561 892
561 852
561 872
561 919
561 916
561 989
562 607
565 635
569 607
569 723
570 755
572 582
572 578
572 575
572 576
572 579
573 582
574 583
575 582
576 578
576 582
577 582
578 582
581 589
582 585
589 589
590 594
590 593
591 626
591 592
591 591
592 626
593 983
594 607
594 626
596 748
596 674
596 643
599 683
599 682
599 680
600 790
601 680
602 604
602 893
602 900
602 894
602 825
603 902
603 604
603 900
603 864
603 886
604 922
604 980
604 825
604 919
610 629
610 619
610 628
610 615
611 624
611 618
611 643
612 621
613 615
615 622
628 629
630 712
632 848
632 940
632 870
632 909
632 632
632 658
632 904
632 927
632 633
632 634
632 834
632 659
632 827
632 877
632 660
632 755
632 889
632 953
632 938
632 939
633 634
633 927
637 731
637 742
637 639
638 639
642 983
643 983
643 769
644 795
645 983
646 651
646 647
646 650
646 748
647 748
647 650
647 649
649 650
649 748
650 748
650 651
654 657
655 787
655 803
656 989
660 931
663 666
674 675
674 674
674 983
678 756
678 989
679 681
679 685
681 686
681 685
681 687
684 814
684 812
684 815
684 816
684 798
684 811
684 813
685 687
686 687
688 708
690 698
695 717
695 742
698 714
703 755
704 718
705 794
711 714
722 722
723 735
723 726
723 734
723 730
723 733
723 728
723 725
723 736
723 774
723 776
723 775
725 732
726 729
726 732
727 735
727 728
729 775
743 748
744 751
744 983
745 747
747 749
750 983
755 778
755 842
757 764
757 910
758 765
758 764
758 785
758 761
758 760
760 763
760 761
762 762
763 801
764 765
766 801
769 772
769 770
770 772
776 816
780 998
783 809
784 803
785 807
786 794
787 803
789 790
790 790
794 997
796 810
796 805
799 802
801 806
811 815
811 816
811 812
811 814
812 816
812 815
812 814
814 816
814 815
815 816
819 830
819 835
820 835
820 830
821 918
824 830
827 938
827 834
827 920
828 920
829 830
830 836
830 953
830 833
830 835
831 891
832 956
832 911
832 918
832 962
832 915
834 891
837 933
837 926
837 921
839 887
839 842
839 866
842 866
842 875
842 869
842 896
842 857
842 880
842 907
842 895
842 856
842 883
842 867
842 901
842 881
843 954
843 859
845 900
845 845
846 910
846 972
846 979
847 871
850 917
850 916
852 929
853 955
855 876
856 883
856 880
857 883
858 868
859 954
860 954
861 920
862 955
868 955
869 881
869 907
871 920
874 954
877 904
879 955
879 954
880 881
884 954
887 955
887 954
888 954
888 955
890 976
891 938
891 941
891 955
891 939
891 978
892 929
896 955
897 897
899 920
901 979
904 909
905 954
906 979
908 959
908 979
908 955
908 910
909 935
910 972
910 920
910 959
910 958
910 961
910 924
910 931
910 971
910 970
910 965
920 925
920 931
920 969
932 961
932 974
932 943
935 955
941 942
943 961
943 974
954 976
954 963
954 955
955 976
955 958
961 974
975 975
977 977
979 979
983 984
983 985
983 986
984 985
985 986
